12
633
2391
3980
7846
10078
12534
17073
22323
23443
30973
35943
41553
43593
415643
428333
562363
582813
610323
612473
621073
621523
621543
629633
638283
646533
654293
664713
685513
688583
707913
730373
742143
754556
759251
772368
783214
784304
790715
795145
796075
807095
808387
809273
814090
816640
816653
823905
849101
877711
890891
909681
914061
960391
1000791
1026381
1046661
1059801
1063291
1075391
1085551
1109391
1118451
1150071
1152981
1153871
1155631
1163191
1165711
1180861
1190051
1204191
1205571
1270651
1317671
1319921
1344951
1345911
1367531
1369481
1391451
1399071
1423901
1434251
1440641
1487491
1536651
1621271
1652541
1657941
1671811
1715051
1725201
1810191
